date,new,total,source
2020-03-10,0,0,
2020-03-11,0,0,
2020-03-12,0,0,
2020-03-13,1,1,
2020-03-14,1,2,
2020-03-15,0,2,
2020-03-16,1,3,
2020-03-17,0,3,
2020-03-18,0,3,
2020-03-19,3,6,
2020-03-20,1,7,
2020-03-21,0,7,
2020-03-22,0,7,
2020-03-23,1,8,
2020-03-24,2,10,
2020-03-25,2,12,
2020-03-26,2,14,
2020-03-27,2,16,
2020-03-28,4,20,
2020-03-29,2,22,
2020-03-30,4,26,
2020-03-31,2,28,
2020-04-01,4,32,
2020-04-02,10,42,
2020-04-04,8,50,
2020-04-05,8,58,
2020-04-07,11,69,
2020-04-09,19,88,
2020-04-11,10,98,
2020-04-12,5,103,
2020-04-13,11,114,
2020-04-14,13,127,
2020-04-15,3,130,
2020-04-16,6,136,
2020-04-17,1,137,
2020-04-18,11,148,
2020-04-19,6,154,
2020-04-20,0,154,
2020-04-21,9,163,
2020-04-22,6,169,
2020-04-23,11,180,
2020-04-24,11,191,
2020-04-27,2,193,
2020-04-28,2,195,
2020-04-29,7,202,
2020-04-30,2,204,
2020-05-04,4,208,
2020-05-05,1,209,
2020-05-06,0,209,
2020-05-07,0,209,
2020-05-08,4,213,
2020-05-11,11,224,
2020-05-12,4,228,
2020-05-13,1,229,
2020-05-14,3,232,
2020-05-15,0,232,
2020-05-18,1,233,
2020-05-19,0,233,
2020-05-20,1,234,
2020-05-22,1,235,
2020-05-25,0,235,
2020-05-26,0,235,
2020-05-27,0,235,
2020-05-28,1,236,
2020-05-29,0,236,
2020-06-02,1,237,
2020-06-03,0,237,
2020-06-04,1,238,
2020-06-05,0,238,
2020-06-08,1,239,
2020-06-09,0,239,
2020-06-10,0,239,
2020-06-11,3,242,
2020-06-12,0,242,
2020-06-15,0,242,
2020-06-16,0,242,
2020-06-18,2,244,
2020-06-19,0,244,
2020-06-23,4,248,
2020-06-24,1,249,
2020-06-25,0,249,
2020-06-26,0,249,
2020-06-29,0,249,
2020-06-30,1,250,
2020-07-01,1,251,
2020-07-02,0,251,
2020-07-03,0,251,
2020-07-06,0,251,
2020-07-07,0,251,
2020-07-08,0,251,
2020-07-09,1,252,
2020-07-10,0,252,
2020-07-13,1,253,
2020-07-14,0,253,
2020-07-15,0,253,
2020-07-16,1,254,
2020-07-17,1,255,
2020-07-20,0,255,
2020-07-21,0,255,
2020-07-22,0,255,
2020-07-23,0,255,
2020-07-24,0,255,
2020-07-27,0,255,
2020-07-28,0,255,
2020-07-29,0,255,
2020-07-30,0,255,
2020-07-31,0,255,
2020-08-03,1,256,
2020-08-04,0,256,
2020-08-05,0,256,
2020-08-06,0,256,
2020-08-07,0,256,
2020-08-10,0,256,
2020-08-11,0,256,
2020-08-12,0,256,
2020-08-13,1,257,
2020-08-14,4,261,
2020-08-17,0,261,
2020-08-18,1,262,
2020-08-19,0,262,
2020-08-20,2,264,
2020-08-21,0,264,
2020-08-24,0,264,fhi:git
2020-08-25,0,264,fhi:git
2020-08-26,0,264,fhi:git
2020-08-27,0,264,fhi:git
2020-08-28,0,264,fhi:git
2020-08-31,0,264,fhi:git
2020-09-01,0,264,fhi:git
2020-09-02,0,264,fhi:git
2020-09-03,0,264,fhi:git
2020-09-04,0,264,fhi:git
2020-09-07,0,264,fhi:git
2020-09-08,0,264,fhi:git
2020-09-09,0,264,fhi:git
2020-09-10,1,265,fhi:git
2020-09-11,0,265,fhi:git
2020-09-14,0,265,fhi:git
2020-09-15,0,265,fhi:git
2020-09-16,0,265,fhi:git
2020-09-17,1,266,fhi:git
2020-09-18,1,267,fhi:git
2020-09-21,0,267,fhi:git
2020-09-22,0,267,fhi:git
2020-09-23,0,267,fhi:git
2020-09-24,3,270,fhi:git
2020-09-25,0,270,fhi:git
2020-09-28,4,274,fhi:git
2020-09-29,0,274,fhi:git
2020-09-30,0,274,fhi:git
2020-10-01,0,274,fhi:git
2020-10-02,1,275,fhi:git
2020-10-05,0,275,fhi:git
2020-10-06,0,275,fhi:git
2020-10-07,0,275,fhi:git
2020-10-08,0,275,fhi:git
2020-10-09,0,275,fhi:git
2020-10-12,1,276,fhi:git
2020-10-13,1,277,fhi:git
2020-10-14,0,277,fhi:git
2020-10-15,1,278,fhi:git
2020-10-16,0,278,fhi:git
2020-10-19,0,278,fhi:git
2020-10-20,0,278,fhi:git
2020-10-21,1,279,fhi:git
2020-10-22,0,279,fhi:git
2020-10-23,0,279,fhi:git
2020-10-26,0,279,fhi:git
2020-10-27,1,280,fhi:git
2020-10-28,0,280,fhi:git
2020-10-29,1,281,fhi:git
2020-10-30,1,282,fhi:git
2020-11-02,0,282,fhi:git
2020-11-03,0,282,fhi:git
2020-11-04,0,282,fhi:git
2020-11-05,2,284,fhi:git
2020-11-06,1,285,fhi:git
2020-11-09,0,285,fhi:git
2020-11-10,0,285,fhi:git
2020-11-11,0,285,fhi:git
2020-11-12,6,291,fhi:git
2020-11-13,3,294,fhi:git
2020-11-16,0,294,fhi:git
2020-11-17,4,298,fhi:git
2020-11-18,1,299,fhi:git
2020-11-19,6,305,fhi:git
2020-11-20,1,306,fhi:git
2020-11-23,5,311,fhi:git
2020-11-24,3,314,fhi:git
2020-11-25,2,316,fhi:git
2020-11-26,0,316,fhi:git
2020-11-27,12,328,fhi:git
2020-11-30,4,332,fhi:git
2020-12-01,2,334,fhi:git
2020-12-02,17,351,fhi:git
2020-12-03,2,353,fhi:git
2020-12-04,1,354,fhi:git
2020-12-07,5,359,fhi:git
2020-12-08,2,361,fhi:git
2020-12-09,0,361,fhi:git
2020-12-10,21,382,fhi:git
2020-12-11,5,387,fhi:git
2020-12-14,6,393,fhi:git
2020-12-15,2,395,fhi:git
2020-12-16,7,402,fhi:git
2020-12-17,2,404,fhi:git
2020-12-18,0,404,fhi:git
2020-12-21,1,405,fhi:git
2020-12-22,0,405,fhi:git
2020-12-23,16,421,fhi:git
2020-12-28,8,429,fhi:git
2020-12-29,4,433,fhi:git
2020-12-30,3,436,fhi:git
2021-01-04,13,449,fhi:git
2021-01-05,3,452,fhi:git
2021-01-06,13,465,fhi:git
2021-01-07,2,467,fhi:git
2021-01-08,5,472,fhi:git
2021-01-11,6,478,fhi:git
2021-01-12,4,482,fhi:git
2021-01-13,27,509,fhi:git
2021-01-14,2,511,fhi:git
2021-01-15,6,517,fhi:git
2021-01-18,4,521,fhi:git
2021-01-19,4,525,fhi:git
2021-01-20,18,543,fhi:git
2021-01-21,1,544,fhi:git
2021-01-22,0,544,fhi:git
2021-01-25,4,548,fhi:git
2021-01-26,2,550,fhi:git
2021-01-27,6,556,fhi:git
2021-01-28,1,557,fhi:git
2021-01-29,7,564,fhi:git
2021-02-01,3,567,fhi:git
2021-02-02,1,568,fhi:git
2021-02-03,6,574,fhi:git
2021-02-04,8,582,fhi:git
2021-02-05,0,582,fhi:git
2021-02-08,0,582,fhi:git
2021-02-09,1,583,fhi:git
2021-02-10,9,592,fhi:git
2021-02-11,0,592,fhi:git
2021-02-12,0,592,fhi:git
2021-02-15,1,593,fhi:git
2021-02-16,0,593,fhi:git
2021-02-17,14,607,fhi:git
2021-02-18,0,607,fhi:git
2021-02-19,0,607,fhi:git
2021-02-22,1,608,fhi:git
2021-02-23,0,608,fhi:git
2021-02-24,12,620,fhi:git
2021-02-25,0,620,fhi:git
2021-02-26,2,622,fhi:git
2021-03-01,1,623,fhi:git
2021-03-02,0,623,fhi:git
2021-03-03,9,632,fhi:git
2021-03-04,0,632,fhi:git
2021-03-05,0,632,fhi:git
2021-03-08,0,632,fhi:git
2021-03-09,0,632,fhi:git
2021-03-10,6,638,fhi:git
2021-03-11,1,639,fhi:git
2021-03-12,0,639,fhi:git
2021-03-15,1,640,fhi:git
2021-03-16,1,641,fhi:git
2021-03-17,7,648,fhi:git
2021-03-18,0,648,fhi:git
2021-03-19,0,648,fhi:git
2021-03-22,1,649,fhi:git
2021-03-23,0,649,fhi:git
2021-03-24,7,656,fhi:git
2021-03-25,0,656,fhi:git
2021-03-26,0,656,fhi:git
2021-03-29,4,660,fhi:git
2021-03-30,1,661,fhi:git
2021-03-31,12,673,fhi:git
2021-04-01,0,673,fhi:git
2021-04-02,0,673,fhi:git
2021-04-05,3,676,fhi:git
2021-04-06,1,677,fhi:git
2021-04-07,6,683,fhi:git
2021-04-08,1,684,fhi:git
2021-04-09,0,684,fhi:git
2021-04-12,3,687,fhi:git
2021-04-13,1,688,fhi:git
2021-04-14,18,706,fhi:git
2021-04-15,1,707,fhi:git
2021-04-16,1,708,fhi:git
2021-04-19,1,709,fhi:git
2021-04-20,0,709,fhi:git
2021-04-21,25,734,fhi:git
2021-04-22,1,735,fhi:git
2021-04-23,1,736,fhi:git
2021-04-26,0,736,fhi:git
2021-04-27,0,736,fhi:git
2021-04-28,17,753,fhi:git
2021-04-29,1,754,fhi:git
2021-04-30,2,756,fhi:git
2021-05-03,1,757,fhi:git
2021-05-04,0,757,fhi:git
2021-05-05,10,767,fhi:git
2021-05-06,0,767,fhi:git
